TinyMLP model: I=15, hidden=[4, 4], O=5

Layer 0: W shape=4x15, B length=4
W[0]: 1.3025 -1.1228 1.4597 0.0225 -0.4042 0.3818 0.0000 0.0225 0.1572 1.5495 -0.8309 -0.8534 -0.2021 0.0000 0.4716
W[1]: 0.4716 0.3144 -1.5944 0.0674 0.0449 -0.2246 0.1123 0.0449 1.1453 -0.5614 1.0555 0.9656 -0.8758 0.0000 0.6063
W[2]: 0.4491 0.2246 -0.0225 1.9537 0.0225 -0.0674 0.0225 0.0000 -0.8309 -1.0106 -0.2695 -0.2246 1.2127 0.0000 -0.4940
W[3]: -0.9656 -0.5390 -0.1572 0.0000 1.5944 0.4491 0.2021 -0.0449 0.7860 -0.6512 -0.3818 -0.3593 2.1334 0.0000 0.0898
B: 0.1347 1.1677 -0.8084 0.8309

Layer 1: W shape=4x4, B length=4
W[0]: 0.8758 -0.8534 1.1677 2.0211
W[1]: 2.5825 -0.4940 -0.5165 -1.7516
W[2]: -0.8309 2.8520 0.2919 -1.1677
W[3]: 1.1677 0.1572 -2.5376 1.4148
B: 0.4042 -0.1347 0.4267 0.3369

Layer 2: W shape=5x4, B length=5
W[0]: -1.1677 1.5271 0.6512 -0.2021
W[1]: -1.3699 -1.7741 2.2232 -1.5271
W[2]: 0.3818 1.7516 -2.2008 0.4042
W[3]: 1.9088 -0.1797 -0.4042 -1.1453
W[4]: 0.2470 -1.3249 -0.2695 2.4702
B: -0.3144 0.1347 0.0898 -0.0674 0.1572